	1
		1	22		0		0	-75.055		48.9178		-44.4275		0
	1
		1	22		0		0	31.449		-65.7286		-68.4887		0
	1
		1	22		0		0	-46.7571		-6.67778		88.143		0
	1
		1	22		0		0	23.5681		-51.5207		82.4024		0
	1
		1	22		0		0	-8.76818		-76.4348		63.8815		0
	1
		1	22		0		0	-99.0141		12.7172		-5.87125		0
	1
		1	22		0		0	-93.5712		32.7693		13.0614		0
	1
		1	22		0		0	-93.0529		15.2867		-33.2787		0
	1
		1	22		0		0	-76.9974		26.883		57.8679		0
	1
		1	22		0		0	-22.084		95.9361		17.5657		0
	1
		1	22		0		0	-11.8008		-94.7725		29.6465		0
	1
		1	22		0		0	-77.348		45.6313		-43.9894		0
	1
		1	22		0		0	-27.5117		91.2596		30.2455		0
	1
		1	22		0		0	72.3343		68.4631		-8.97494		0
	1
		1	22		0		0	2.95146		-49.7005		-86.7246		0
	1
		1	22		0		0	41.3331		-90.5504		9.60197		0
	1
		1	22		0		0	94.7838		-31.6112		-4.09337		0
	1
		1	22		0		0	-17.0765		85.0002		49.8333		0
	1
		1	22		0		0	63.8422		-76.9418		-2.03459		0
	1
		1	22		0		0	54.5432		12.5129		82.8762		0
	1
		1	22		0		0	-44.0172		77.3326		-45.6306		0
	1
		1	22		0		0	12.1322		-86.2145		49.1921		0
	1
		1	22		0		0	83.5914		42.3971		-34.8563		0
	1
		1	22		0		0	35.1126		58.9105		72.7782		0
	1
		1	22		0		0	37.1779		7.50458		92.5283		0
	1
		1	22		0		0	36.0855		37.3405		-85.4606		0
	1
		1	22		0		0	47.1848		84.1353		-26.3599		0
	1
		1	22		0		0	-49.4718		-86.0871		-11.898		0
	1
		1	22		0		0	-34.2915		-82.5413		-44.8446		0
	1
		1	22		0		0	-96.9507		-9.8378		-22.445		0
	1
		1	22		0		0	94.3722		-16.531		-28.6463		0
	1
		1	22		0		0	-97.1951		22.1605		7.87605		0
	1
		1	22		0		0	36.8813		-88.4336		-28.6229		0
	1
		1	22		0		0	-59.2829		-15.4863		79.0298		0
	1
		1	22		0		0	-88.9082		19.317		41.4993		0
	1
		1	22		0		0	-25.7862		54.305		79.9127		0
	1
		1	22		0		0	-86.343		-50.4467		0.141487		0
	1
		1	22		0		0	-28.6829		-94.5771		-15.2469		0
	1
		1	22		0		0	47.0139		66.0797		58.5078		0
	1
		1	22		0		0	-34.0754		33.6369		-87.7919		0
	1
		1	22		0		0	-51.1252		-83.4216		20.6653		0
	1
		1	22		0		0	-2.72974		-49.6265		86.7742		0
	1
		1	22		0		0	93.9416		16.3853		-30.1082		0
	1
		1	22		0		0	24.2768		-53.5143		-80.9126		0
	1
		1	22		0		0	9.4667		87.1249		48.1626		0
	1
		1	22		0		0	96.291		19.5637		-18.5826		0
	1
		1	22		0		0	97.8015		20.7776		-1.7746		0
	1
		1	22		0		0	39.2547		91.955		-1.83198		0
	1
		1	22		0		0	9.51211		-72.1471		68.588		0
	1
		1	22		0		0	-59.3462		-80.3829		4.07737		0
	1
		1	22		0		0	25.262		-32.3843		-91.1762		0
	1
		1	22		0		0	-10.996		-64.6263		75.5151		0
	1
		1	22		0		0	98.6451		15.1531		6.28622		0
	1
		1	22		0		0	49.179		-85.1167		18.3459		0
	1
		1	22		0		0	-21.2589		49.1172		84.4722		0
	1
		1	22		0		0	-23.5244		-0.123696		97.1936		0
	1
		1	22		0		0	-90.1481		-10.5737		41.9705		0
	1
		1	22		0		0	-86.8329		-20.5024		45.163		0
	1
		1	22		0		0	16.7185		96.8089		18.669		0
	1
		1	22		0		0	-8.48478		99.3692		7.3332		0
	1
		1	22		0		0	42.5916		84.0058		-33.6004		0
	1
		1	22		0		0	87.4631		-40.8425		-26.1171		0
	1
		1	22		0		0	37.3269		-1.56491		92.7591		0
	1
		1	22		0		0	34.779		70.1987		-62.1495		0
	1
		1	22		0		0	98.2052		13.3556		13.3181		0
	1
		1	22		0		0	47.8913		-1.97261		-87.7641		0
	1
		1	22		0		0	-64.6632		39.2616		65.4003		0
	1
		1	22		0		0	58.5018		-66.5398		-46.3681		0
	1
		1	22		0		0	84.2304		28.2329		45.9145		0
	1
		1	22		0		0	68.974		68.8056		22.5472		0
	1
		1	22		0		0	-74.4728		18.718		-64.0581		0
	1
		1	22		0		0	-7.21818		-40.5757		-91.1126		0
	1
		1	22		0		0	-25.1167		-34.3751		-90.4848		0
	1
		1	22		0		0	-5.08399		38.184		-92.2829		0
	1
		1	22		0		0	-52.1811		35.8241		-77.4194		0
	1
		1	22		0		0	-6.75876		33.2804		94.0571		0
	1
		1	22		0		0	73.0545		-31.1291		-60.7784		0
	1
		1	22		0		0	-49.1294		35.897		79.3581		0
	1
		1	22		0		0	54.0563		-66.4265		51.6279		0
	1
		1	22		0		0	76.5776		44.762		46.1761		0
	1
		1	22		0		0	-11.7079		-73.2339		67.08		0
	1
		1	22		0		0	-65.608		-75.2673		-5.5157		0
	1
		1	22		0		0	-89.8761		-23.5247		-36.9983		0
	1
		1	22		0		0	-71.5766		16.6745		67.8141		0
	1
		1	22		0		0	7.5756		98.3699		-16.3089		0
	1
		1	22		0		0	32.3254		66.8738		-66.9549		0
	1
		1	22		0		0	22.1767		-96.0262		16.9458		0
	1
		1	22		0		0	-87.4212		-47.8481		8.25196		0
	1
		1	22		0		0	41.9769		28.9079		-86.0365		0
	1
		1	22		0		0	-67.6973		-25.6992		68.9683		0
	1
		1	22		0		0	10.2846		75.8245		-64.3807		0
	1
		1	22		0		0	-20.9807		97.5977		5.87409		0
	1
		1	22		0		0	-55.7908		-80.651		-19.5655		0
	1
		1	22		0		0	-9.25255		16.3825		98.2141		0
	1
		1	22		0		0	-99.8702		3.19283		-3.9693		0
	1
		1	22		0		0	44.2915		74.319		50.1493		0
	1
		1	22		0		0	-48.7833		83.7798		24.5181		0
	1
		1	22		0		0	-32.9295		19.0744		92.476		0
	1
		1	22		0		0	-16.7622		98.5844		-0.391083		0
	1
		1	22		0		0	32.8809		-7.02771		-94.1778		0
	1
		1	22		0		0	-20.5033		-17.0258		96.3833		0
	1
		1	22		0		0	-34.2662		-61.4451		-71.0657		0
	1
		1	22		0		0	65.697		-74.8112		-9.33769		0
	1
		1	22		0		0	57.1482		-82.0442		1.68408		0
	1
		1	22		0		0	69.1974		-59.8377		-40.3878		0
	1
		1	22		0		0	-76.2198		64.6708		2.86819		0
	1
		1	22		0		0	-37.1744		-41.2158		83.1825		0
	1
		1	22		0		0	-84.7539		-32.3049		-42.109		0
	1
		1	22		0		0	-74.7123		-30.6003		59.0058		0
	1
		1	22		0		0	-51.8476		-1.1882		-85.5009		0
	1
		1	22		0		0	-72.0037		14.9209		67.7704		0
	1
		1	22		0		0	29.871		61.5966		72.8943		0
	1
		1	22		0		0	-13.4486		98.8854		-6.38822		0
	1
		1	22		0		0	-23.8331		96.9764		-5.25056		0
	1
		1	22		0		0	-32.9434		-86.7398		37.2954		0
	1
		1	22		0		0	-17.8487		-96.5753		18.8316		0
	1
		1	22		0		0	-93.2137		-32.0702		-16.814		0
	1
		1	22		0		0	86.4414		-14.3442		48.1885		0
	1
		1	22		0		0	-89.9573		-38.183		-21.2071		0
	1
		1	22		0		0	-85.1741		47.5973		21.906		0
	1
		1	22		0		0	80.6019		55.9698		-19.2538		0
	1
		1	22		0		0	28.8088		-56.0668		77.631		0
	1
		1	22		0		0	76.788		-63.9932		-2.91177		0
	1
		1	22		0		0	92.4079		-35.2962		-14.6616		0
	1
		1	22		0		0	-39.4035		91.2375		11.0946		0
	1
		1	22		0		0	-27.3699		-0.550444		-96.18		0
	1
		1	22		0		0	-46.4706		-86.2427		-20.067		0
	1
		1	22		0		0	56.9754		81.859		7.27392		0
	1
		1	22		0		0	-57.286		64.7347		50.2766		0
	1
		1	22		0		0	-74.984		-43.9374		-49.4662		0
	1
		1	22		0		0	2.34822		-13.7636		99.0204		0
	1
		1	22		0		0	-28.5525		-9.91713		95.3226		0
	1
		1	22		0		0	-86.5304		-49.2281		9.43849		0
	1
		1	22		0		0	-11.3728		-85.4377		-50.7057		0
	1
		1	22		0		0	52.3497		-82.6228		-20.8082		0
	1
		1	22		0		0	25.4927		-75.7233		60.134		0
	1
		1	22		0		0	69.8525		1.03324		-71.5511		0
	1
		1	22		0		0	82.3034		41.9964		38.2421		0
	1
		1	22		0		0	-88.247		-46.9798		-2.31589		0
	1
		1	22		0		0	87.4363		42.8491		-22.7783		0
	1
		1	22		0		0	48.445		20.1471		85.1303		0
	1
		1	22		0		0	81.6536		8.21172		57.1424		0
	1
		1	22		0		0	76.3871		63.4659		-11.7087		0
	1
		1	22		0		0	-61.7026		-56.0697		55.2175		0
	1
		1	22		0		0	16.8775		-32.8805		92.9194		0
	1
		1	22		0		0	-70.2326		34.7816		-62.1098		0
	1
		1	22		0		0	36.1733		45.0515		-81.6202		0
	1
		1	22		0		0	-72.1932		-11.3174		-68.2647		0
	1
		1	22		0		0	-67.9856		-21.1058		-70.2317		0
	1
		1	22		0		0	16.0105		-98.3233		8.72845		0
	1
		1	22		0		0	-69.7073		-71.4762		5.66085		0
	1
		1	22		0		0	18.9868		56.5171		-80.2827		0
	1
		1	22		0		0	-39.7959		91.1687		-10.225		0
	1
		1	22		0		0	12.0075		-13.1661		-98.3996		0
	1
		1	22		0		0	23.3374		-76.9346		59.4679		0
	1
		1	22		0		0	-86.9206		49.2376		4.52471		0
	1
		1	22		0		0	9.4779		95.0006		-29.7498		0
	1
		1	22		0		0	72.2474		-41.6189		-55.2104		0
	1
		1	22		0		0	-34.5539		-32.0979		88.1802		0
	1
		1	22		0		0	-16.6005		-59.1061		-78.936		0
	1
		1	22		0		0	5.22376		-63.658		-76.9439		0
	1
		1	22		0		0	-53.4085		-23.4546		81.2244		0
	1
		1	22		0		0	-24.1776		-42.7669		87.1002		0
	1
		1	22		0		0	-57.6574		-81.606		-4.00959		0
	1
		1	22		0		0	1.1374		56.2699		-82.6584		0
	1
		1	22		0		0	-23.4586		86.7551		43.8548		0
	1
		1	22		0		0	-74.3323		-46.8646		-47.7328		0
	1
		1	22		0		0	47.3775		58.4807		-65.8436		0
	1
		1	22		0		0	92.1207		13.6633		-36.4292		0
	1
		1	22		0		0	30.2186		-72.5734		-61.8056		0
	1
		1	22		0		0	-66.2575		-37.6463		64.7511		0
	1
		1	22		0		0	-75.0853		58.6369		-30.396		0
	1
		1	22		0		0	-9.58809		98.264		-15.8826		0
	1
		1	22		0		0	-32.3073		88.7273		32.9197		0
	1
		1	22		0		0	62.7452		68.661		-36.7247		0
	1
		1	22		0		0	-88.4278		-42.0925		20.2172		0
	1
		1	22		0		0	85.0205		26.4696		45.5069		0
	1
		1	22		0		0	-9.05423		-32.2763		94.2139		0
	1
		1	22		0		0	84.7001		40.355		34.6031		0
	1
		1	22		0		0	-34.8529		-86.1581		36.906		0
	1
		1	22		0		0	-51.3716		85.2286		-9.85115		0
	1
		1	22		0		0	-51.3056		-62.2495		-59.0994		0
	1
		1	22		0		0	23.0993		-72.4573		-64.9335		0
	1
		1	22		0		0	64.1497		66.8781		37.5784		0
	1
		1	22		0		0	-65.6231		1.83084		-75.4338		0
	1
		1	22		0		0	-29.8383		-87.568		-37.9674		0
	1
		1	22		0		0	54.7573		78.226		29.7041		0
	1
		1	22		0		0	49.2002		33.4094		80.3938		0
	1
		1	22		0		0	-83.1145		32.3223		-45.2466		0
	1
		1	22		0		0	36.5441		-92.248		12.4429		0
	1
		1	22		0		0	66.5653		-43.104		-60.9188		0
	1
		1	22		0		0	-73.6732		0.214692		67.6181		0
	1
		1	22		0		0	58.7859		79.7166		-13.7653		0
	1
		1	22		0		0	-49.6434		-7.7526		-86.4606		0
	1
		1	22		0		0	-8.00299		43.4448		-89.7134		0
	1
		1	22		0		0	-54.1839		-83.8205		6.18235		0
	1
		1	22		0		0	58.0462		-16.584		-79.7221		0
	1
		1	22		0		0	4.93149		-81.2655		-58.0654		0
	1
		1	22		0		0	23.5226		96.9376		7.05595		0
	1
		1	22		0		0	-40.1259		66.3732		-63.123		0
	1
		1	22		0		0	44.6366		-15.8393		88.0721		0
	1
		1	22		0		0	-63.7456		-61.3178		46.6543		0
	1
		1	22		0		0	4.33159		-71.9965		-69.2658		0
	1
		1	22		0		0	-49.482		-48.9682		-71.7889		0
	1
		1	22		0		0	-48.6124		-6.54621		87.1434		0
	1
		1	22		0		0	-73.9996		-42.5961		-52.054		0
	1
		1	22		0		0	-36.3514		33.987		86.7379		0
	1
		1	22		0		0	90.2428		-22.5657		36.7019		0
	1
		1	22		0		0	26.9081		5.40714		96.1598		0
	1
		1	22		0		0	-3.93073		-6.44077		99.7149		0
	1
		1	22		0		0	-51.8342		-14.535		-84.2731		0
	1
		1	22		0		0	80.0749		5.06563		-59.6854		0
	1
		1	22		0		0	-15.398		-50.2908		85.0514		0
	1
		1	22		0		0	-84.9543		46.2866		-25.3044		0
	1
		1	22		0		0	-25.6784		94.9515		-18.023		0
	1
		1	22		0		0	35.3367		-85.195		38.641		0
	1
		1	22		0		0	-41.2368		-87.5684		-25.1256		0
	1
		1	22		0		0	95.429		29.0126		7.18111		0
	1
		1	22		0		0	75.7109		4.08167		65.2013		0
	1
		1	22		0		0	89.5286		3.21969		44.4326		0
	1
		1	22		0		0	47.5176		-66.7585		-57.3182		0
	1
		1	22		0		0	-71.7294		25.6686		64.7767		0
	1
		1	22		0		0	-26.6575		90.0234		34.4263		0
	1
		1	22		0		0	-57.1532		-18.1201		-80.0323		0
	1
		1	22		0		0	-6.2077		-46.9866		88.0552		0
	1
		1	22		0		0	65.5353		58.1468		-48.2086		0
	1
		1	22		0		0	-49.9016		55.3563		-66.6746		0
	1
		1	22		0		0	-90.121		36.621		23.1755		0
	1
		1	22		0		0	54.9662		35.1658		75.7766		0
	1
		1	22		0		0	-92.6243		-20.6487		31.5338		0
	1
		1	22		0		0	65.7036		53.0404		53.5701		0
	1
		1	22		0		0	3.51096		-95.3426		29.9576		0
	1
		1	22		0		0	80.6382		58.6809		-7.35059		0
	1
		1	22		0		0	67.6951		-48.8952		-55.0148		0
	1
		1	22		0		0	17.308		-87.743		44.7392		0
	1
		1	22		0		0	-6.33145		76.8531		63.6672		0
	1
		1	22		0		0	69.6		-32.8429		63.8528		0
	1
		1	22		0		0	49.9608		80.4845		-32.034		0
	1
		1	22		0		0	87.3273		-48.4748		4.91242		0
	1
		1	22		0		0	5.93319		61.4758		78.6481		0
	1
		1	22		0		0	10.8369		-84.1323		-52.9558		0
	1
		1	22		0		0	89.8264		42.2445		-12.1088		0
	1
		1	22		0		0	61.2687		77.4387		-15.7923		0
	1
		1	22		0		0	-30.228		-81.7288		-49.0578		0
	1
		1	22		0		0	58.7099		71.893		-37.2096		0
	1
		1	22		0		0	3.20444		-18.2366		98.2708		0
	1
		1	22		0		0	-60.9871		35.4437		-70.8824		0
	1
		1	22		0		0	-5.04483		-59.5594		80.17		0
	1
		1	22		0		0	20.9586		-91.9286		-33.3146		0
	1
		1	22		0		0	-26.6132		-12.9664		-95.5176		0
	1
		1	22		0		0	79.7577		59.2706		-11.2115		0
	1
		1	22		0		0	15.7498		91.2664		-37.7145		0
	1
		1	22		0		0	-67.1591		62.4927		-39.8034		0
	1
		1	22		0		0	59.0199		-61.8271		-51.9044		0
	1
		1	22		0		0	3.48816		84.0622		54.0498		0
	1
		1	22		0		0	14.0485		92.879		-34.2948		0
	1
		1	22		0		0	83.7542		-36.2859		40.8481		0
	1
		1	22		0		0	-7.67475		-91.1604		-40.3842		0
	1
		1	22		0		0	74.965		35.1486		-56.0787		0
	1
		1	22		0		0	76.1342		12.0362		63.708		0
	1
		1	22		0		0	20.7235		24.1316		-94.8061		0
	1
		1	22		0		0	-99.5583		-8.91582		2.94301		0
	1
		1	22		0		0	83.7783		-51.5213		18.0763		0
	1
		1	22		0		0	-79.8973		36.8073		-47.5567		0
	1
		1	22		0		0	87.1962		-15.6193		46.3989		0
	1
		1	22		0		0	-31.8445		73.9218		-59.3422		0
	1
		1	22		0		0	-14.4988		-85.3487		-50.0538		0
	1
		1	22		0		0	39.5554		40.5933		-82.3866		0
	1
		1	22		0		0	-17.8138		-43.2736		-88.3746		0
	1
		1	22		0		0	-31.0342		60.9761		-72.93		0
	1
		1	22		0		0	-14.2381		97.8834		-14.7011		0
	1
		1	22		0		0	-24.1144		70.5487		-66.6437		0
	1
		1	22		0		0	-90.7594		9.62593		40.8665		0
	1
		1	22		0		0	81.8694		-21.7074		53.1619		0
	1
		1	22		0		0	-75.2293		39.6875		-52.5877		0
	1
		1	22		0		0	64.2442		6.54591		-76.3534		0
	1
		1	22		0		0	-96.847		-10.1989		22.7299		0
	1
		1	22		0		0	-42.0187		65.6941		-62.5997		0
	1
		1	22		0		0	10.4199		63.9941		-76.1326		0
	1
		1	22		0		0	24.6076		-7.38262		-96.6435		0
	1
		1	22		0		0	79.0985		57.9424		-19.6498		0
	1
		1	22		0		0	8.83698		-82.1286		56.3631		0
	1
		1	22		0		0	40.2932		79.9775		44.4978		0
	1
		1	22		0		0	-25.7176		-93.6452		-23.8575		0
	1
		1	22		0		0	9.3253		88.1195		-46.3464		0
	1
		1	22		0		0	75.0984		-1.53207		66.0143		0
	1
		1	22		0		0	15.9905		97.211		17.156		0
	1
		1	22		0		0	53.7338		-73.9103		-40.6197		0
	1
		1	22		0		0	-49.0026		-41.257		76.7894		0
	1
		1	22		0		0	-50.8536		-27.0527		81.7439		0
	1
		1	22		0		0	14.9313		-96.9987		19.1912		0
	1
		1	22		0		0	-28.5283		46.267		83.9375		0
	1
		1	22		0		0	12.6099		-60.0976		78.9257		0
	1
		1	22		0		0	96.6097		13.1258		22.2322		0
	1
		1	22		0		0	-78.5676		7.44894		61.4137		0
	1
		1	22		0		0	55.3289		71.421		42.869		0
	1
		1	22		0		0	-39.2771		88.2293		25.9405		0
	1
		1	22		0		0	-13.4907		-78.3308		-60.6818		0
	1
		1	22		0		0	-95.3946		5.55092		29.4797		0
	1
		1	22		0		0	-34.9766		91.3662		20.7086		0
	1
		1	22		0		0	-99.7333		-0.0628071		-7.29863		0
	1
		1	22		0		0	-53.2622		84.543		3.95092		0
	1
		1	22		0		0	43.7875		45.8906		-77.3091		0
	1
		1	22		0		0	-43.3566		58.8518		-68.2398		0
	1
		1	22		0		0	93.1506		-20.7045		-29.9047		0
	1
		1	22		0		0	-77.7064		61.1552		14.8917		0
	1
		1	22		0		0	-5.38672		-7.74554		99.554		0
	1
		1	22		0		0	-6.33017		99.5795		6.62149		0
	1
		1	22		0		0	-15.1603		-5.44731		98.6939		0
	1
		1	22		0		0	6.4311		-85.2328		-51.9039		0
	1
		1	22		0		0	39.5636		-66.9249		-62.8949		0
	1
		1	22		0		0	60.4922		-60.8875		51.3168		0
	1
		1	22		0		0	-40.6665		-54.2144		-73.5325		0
	1
		1	22		0		0	-32.371		58.9084		-74.0399		0
	1
		1	22		0		0	-44.2144		-46.5051		76.6966		0
	1
		1	22		0		0	16.771		-94.5684		27.8487		0
	1
		1	22		0		0	5.20766		-35.0516		-93.5108		0
	1
		1	22		0		0	22.3355		-35.3476		90.8387		0
	1
		1	22		0		0	36.8887		-70.6028		-60.4522		0
	1
		1	22		0		0	-34.5714		50.4141		79.1406		0
	1
		1	22		0		0	94.5928		-15.2155		-28.6478		0
	1
		1	22		0		0	-95.6692		7.35722		-28.1651		0
	1
		1	22		0		0	13.2423		77.6299		-61.6298		0
	1
		1	22		0		0	97.0734		-22.6553		7.96771		0
	1
		1	22		0		0	-5.48045		-44.4481		-89.411		0
	1
		1	22		0		0	73.7803		4.15902		67.3734		0
	1
		1	22		0		0	49.8748		-18.286		-84.7238		0
	1
		1	22		0		0	44.3374		-59.0851		-67.4028		0
	1
		1	22		0		0	-62.5282		17.3261		-76.0922		0
	1
		1	22		0		0	0.928998		91.5278		40.2716		0
	1
		1	22		0		0	-57.7111		-12.8477		-80.6496		0
	1
		1	22		0		0	40.5441		-91.3		-4.5249		0
	1
		1	22		0		0	-90.0678		40.4552		15.8483		0
	1
		1	22		0		0	-39.2369		-3.08517		91.929		0
	1
		1	22		0		0	-83.2643		55.3719		1.00679		0
	1
		1	22		0		0	59.8348		33.0573		72.9863		0
	1
		1	22		0		0	87.4649		-42.8007		22.7593		0
	1
		1	22		0		0	-69.6038		-51.6461		49.8798		0
	1
		1	22		0		0	-51.4856		60.2661		-60.9691		0
	1
		1	22		0		0	8.00089		-83.3161		54.7212		0
	1
		1	22		0		0	-50.1525		-24.2706		-83.0402		0
	1
		1	22		0		0	-73.8924		-66.799		8.82075		0
	1
		1	22		0		0	8.79578		-54.5018		83.3798		0
	1
		1	22		0		0	-20.297		-56.107		80.2498		0
	1
		1	22		0		0	-18.9984		-65.1238		-73.4708		0
	1
		1	22		0		0	-84.1459		36.6097		39.7392		0
	1
		1	22		0		0	-52.2424		-84.9887		6.90379		0
	1
		1	22		0		0	38.6319		61.7956		68.4754		0
	1
		1	22		0		0	12.8595		-97.9835		-15.2927		0
	1
		1	22		0		0	-41.3005		90.7376		7.80787		0
	1
		1	22		0		0	57.68		77.7169		25.1615		0
	1
		1	22		0		0	2.35591		27.8958		-96.0014		0
	1
		1	22		0		0	79.0409		37.4298		48.4927		0
	1
		1	22		0		0	62.5584		-64.2421		44.2651		0
	1
		1	22		0		0	-31.8471		-25.5453		-91.2864		0
	1
		1	22		0		0	61.3225		1.92167		78.9675		0
	1
		1	22		0		0	59.4385		29.8276		-74.6818		0
	1
		1	22		0		0	4.274		-77.4171		-63.1532		0
	1
		1	22		0		0	84.4096		-52.3083		-11.7844		0
	1
		1	22		0		0	25.5472		-1.64221		-96.6677		0
	1
		1	22		0		0	4.39761		81.2896		-58.0747		0
	1
		1	22		0		0	19.3017		61.2491		-76.655		0
	1
		1	22		0		0	-32.0135		-75.7212		56.9336		0
	1
		1	22		0		0	68.1609		71.6677		14.7588		0
	1
		1	22		0		0	87.6058		23.5846		42.0595		0
	1
		1	22		0		0	44.9566		-79.9467		-39.8426		0
	1
		1	22		0		0	-51.5647		-27.6546		-81.0945		0
	1
		1	22		0		0	11.5776		44.9504		-88.5744		0
	1
		1	22		0		0	-46.5687		87.6552		-12.1621		0
	1
		1	22		0		0	-27.3097		95.3397		-12.8267		0
	1
		1	22		0		0	63.1015		-62.9846		45.2895		0
	1
		1	22		0		0	-23.7671		-29.3617		-92.5906		0
	1
		1	22		0		0	18.7151		74.9069		-63.5507		0
	1
		1	22		0		0	-57.3704		70.5851		-41.5497		0
	1
		1	22		0		0	18.2115		-98.0897		-6.83738		0
	1
		1	22		0		0	41.4712		84.8455		-32.8845		0
	1
		1	22		0		0	80.2176		-5.7622		-59.4301		0
	1
		1	22		0		0	25.1967		-25.4095		93.3782		0
	1
		1	22		0		0	99.9163		-2.54209		3.20395		0
	1
		1	22		0		0	70.9942		70.3006		-4.2002		0
	1
		1	22		0		0	-88.4127		-46.5378		4.17479		0
	1
		1	22		0		0	-95.8979		-1.81969		-28.2892		0
	1
		1	22		0		0	44.3613		52.6242		-72.5449		0
	1
		1	22		0		0	-49.0051		-17.3042		-85.4346		0
	1
		1	22		0		0	-71.4032		-69.1059		11.2233		0
	1
		1	22		0		0	86.877		-27.4801		-41.1974		0
	1
		1	22		0		0	-80.5433		-23.6987		54.3245		0
	1
		1	22		0		0	-95.935		12.5328		25.2863		0
	1
		1	22		0		0	-98.2524		-7.02785		-17.236		0
	1
		1	22		0		0	-85.7165		-29.8698		-41.9581		0
	1
		1	22		0		0	-22.8036		-15.5213		96.1202		0
	1
		1	22		0		0	66.6903		-64.2168		-37.797		0
	1
		1	22		0		0	-71.6247		-54.4531		43.6436		0
	1
		1	22		0		0	-68.3526		18.56		70.5936		0
	1
		1	22		0		0	-85.276		-40.1505		-33.4057		0
	1
		1	22		0		0	66.6786		-7.56964		74.1395		0
	1
		1	22		0		0	-93.3366		-14.9358		32.6374		0
	1
		1	22		0		0	7.66271		-42.9224		-89.9942		0
	1
		1	22		0		0	89.2531		-28.7048		34.7839		0
	1
		1	22		0		0	-41.8367		44.5194		-79.1689		0
	1
		1	22		0		0	-45.5952		81.4053		-35.9757		0
	1
		1	22		0		0	-21.8705		-83.4988		50.4939		0
	1
		1	22		0		0	60.2408		78.336		-15.3141		0
	1
		1	22		0		0	20.3519		-27.4274		-93.9869		0
	1
		1	22		0		0	37.7543		88.2447		28.0622		0
	1
		1	22		0		0	86.9734		-42.9113		-24.3772		0
	1
		1	22		0		0	-2.1262		98.7184		-15.8165		0
	1
		1	22		0		0	44.8492		64.5604		61.8102		0
	1
		1	22		0		0	-83.0244		-0.630397		-55.7365		0
	1
		1	22		0		0	-26.6272		96.3865		-0.79915		0
	1
		1	22		0		0	-57.4169		-81.8649		1.19853		0
	1
		1	22		0		0	43.4194		66.1846		-61.1094		0
	1
		1	22		0		0	-37.0959		92.445		8.82089		0
	1
		1	22		0		0	-0.373768		98.5647		16.878		0
	1
		1	22		0		0	-69.3496		-13.7833		70.7153		0
	1
		1	22		0		0	9.05159		-57.1549		81.556		0
	1
		1	22		0		0	38.6545		-17.2596		90.5977		0
	1
		1	22		0		0	-80.9283		-27.0084		-52.1647		0
	1
		1	22		0		0	31.2304		25.3864		-91.5434		0
	1
		1	22		0		0	71.7831		64.5969		25.9698		0
	1
		1	22		0		0	15.6465		16.3722		-97.402		0
	1
		1	22		0		0	-6.46573		-99.7715		1.95999		0
	1
		1	22		0		0	29.7489		-55.8382		77.4409		0
	1
		1	22		0		0	73.7764		-1.53498		-67.4884		0
	1
		1	22		0		0	-25.8595		-86.6506		-42.696		0
	1
		1	22		0		0	-92.4217		-11.3229		36.4695		0
	1
		1	22		0		0	-86.8276		43.9811		22.9482		0
	1
		1	22		0		0	88.6147		-30.6351		34.7697		0
	1
		1	22		0		0	50.9775		-59.7177		-61.9281		0
	1
		1	22		0		0	66.2004		63.8771		-39.2073		0
	1
		1	22		0		0	73.162		50.5159		-45.7762		0
	1
		1	22		0		0	73.52		65.4574		17.6106		0
	1
		1	22		0		0	77.0215		-63.5658		-5.2044		0
	1
		1	22		0		0	-89.105		-38.6063		-23.8716		0
	1
		1	22		0		0	73.5986		-3.68807		-67.5991		0
	1
		1	22		0		0	-47.5161		59.9043		64.4492		0
	1
		1	22		0		0	-78.9729		-47.5175		-38.7991		0
	1
		1	22		0		0	91.3088		-40.2605		6.46521		0
	1
		1	22		0		0	-90.3342		-31.3642		29.2579		0
	1
		1	22		0		0	73.177		-26.2108		62.9136		0
	1
		1	22		0		0	-81.7247		57.0379		8.23141		0
	1
		1	22		0		0	-65.713		-35.6585		66.4099		0
	1
		1	22		0		0	-11.4904		-12.418		98.5584		0
	1
		1	22		0		0	67.7773		-72.2775		13.4979		0
	1
		1	22		0		0	-92.0091		-27.2831		-28.1062		0
	1
		1	22		0		0	36.2801		92.2614		-13.0988		0
	1
		1	22		0		0	-76.2997		-40.9292		50.0315		0
	1
		1	22		0		0	-59.5002		-74.7619		-29.5021		0
	1
		1	22		0		0	91.8607		-39.346		-3.67523		0
	1
		1	22		0		0	-70.4976		-30.3645		64.0943		0
	1
		1	22		0		0	-56.0589		-74.2184		36.7291		0
	1
		1	22		0		0	-36.7972		91.0256		-18.9817		0
	1
		1	22		0		0	-28.7004		94.9323		12.812		0
	1
		1	22		0		0	-26.4957		12.123		-95.6609		0
	1
		1	22		0		0	-21.7136		-91.1171		-35.0169		0
	1
		1	22		0		0	37.6273		-56.3094		73.5761		0
	1
		1	22		0		0	-48.9435		72.9311		47.8078		0
	1
		1	22		0		0	-37.937		-45.3285		80.6604		0
	1
		1	22		0		0	-44.819		-89.1269		-6.90362		0
	1
		1	22		0		0	-18.9961		42.5795		-88.4654		0
	1
		1	22		0		0	-30.737		-69.9151		64.5532		0
	1
		1	22		0		0	41.2332		-41.8097		-80.943		0
	1
		1	22		0		0	83.3474		1.05525		55.2457		0
	1
		1	22		0		0	36.3279		-9.66296		92.6656		0
	1
		1	22		0		0	-35.5762		91.8848		-17.0742		0
	1
		1	22		0		0	26.6756		7.66894		-96.0708		0
	1
		1	22		0		0	-33.4867		-4.79421		94.1045		0
	1
		1	22		0		0	-41.3636		76.1027		-49.9744		0
	1
		1	22		0		0	-57.2016		42.5155		70.1456		0
	1
		1	22		0		0	-11.1847		53.2887		83.8762		0
	1
		1	22		0		0	75.7594		-36.55		54.0796		0
	1
		1	22		0		0	-3.46816		-45.4887		88.9874		0
	1
		1	22		0		0	-20.9441		80.8413		-55.0093		0
	1
		1	22		0		0	17.7426		84.3465		-50.7038		0
	1
		1	22		0		0	-33.8584		28.8279		-89.5687		0
	1
		1	22		0		0	-4.40968		6.19519		99.7104		0
	1
		1	22		0		0	-8.22461		32.4578		94.2276		0
	1
		1	22		0		0	23.7438		-94.341		-23.1519		0
	1
		1	22		0		0	-98.5455		5.76643		15.9852		0
	1
		1	22		0		0	-30.8897		56.643		-76.4029		0
	1
		1	22		0		0	49.9581		-53.0288		-68.4992		0
	1
		1	22		0		0	6.0869		-95.5079		-29.0033		0
	1
		1	22		0		0	-23.6166		59.4063		76.897		0
	1
		1	22		0		0	39.7123		-88.3081		-24.9922		0
	1
		1	22		0		0	-16.7102		-70.4749		-68.9497		0
	1
		1	22		0		0	-22.3299		-87.0868		43.7866		0
	1
		1	22		0		0	-56.0341		-79.5459		-23.0788		0
	1
		1	22		0		0	62.4235		-55.8427		54.6343		0
	1
		1	22		0		0	94.4797		26.6131		-19.1133		0
	1
		1	22		0		0	34.4943		-90.8937		23.4197		0
	1
		1	22		0		0	-82.7499		3.78816		-56.0188		0
	1
		1	22		0		0	11.8512		-56.7734		-81.4637		0
	1
		1	22		0		0	-55.9672		-18.857		80.6975		0
	1
		1	22		0		0	31.7542		-94.3996		-8.96599		0
	1
		1	22		0		0	-80.6629		4.49439		58.9347		0
	1
		1	22		0		0	79.3014		-37.9225		47.6778		0
	1
		1	22		0		0	37.6648		59.1818		-71.2662		0
	1
		1	22		0		0	-26.4297		-93.4603		23.8044		0
	1
		1	22		0		0	66.5739		-50.1349		55.2667		0
	1
		1	22		0		0	63.2874		68.6524		35.7988		0
	1
		1	22		0		0	-31.1893		-81.2344		49.2768		0
	1
		1	22		0		0	-86.6612		-3.42822		-49.7804		0
	1
		1	22		0		0	-37.3511		88.9571		26.2969		0
	1
		1	22		0		0	-77.1345		53.9019		33.8357		0
	1
		1	22		0		0	97.1807		-4.72081		-23.1005		0
	1
		1	22		0		0	-53.7492		10.5851		83.6599		0
	1
		1	22		0		0	41.1153		89.8763		15.2246		0
	1
		1	22		0		0	-86.9227		47.9574		12.022		0
	1
		1	22		0		0	23.1293		-4.04771		97.2042		0
	1
		1	22		0		0	-24.0724		43.5188		86.7562		0
	1
		1	22		0		0	36.4383		-73.58		57.0809		0
	1
		1	22		0		0	-27.6906		57.9118		-76.6776		0
	1
		1	22		0		0	-57.5909		-33.5509		74.5495		0
	1
		1	22		0		0	84.8924		-45.0763		-27.5937		0
	1
		1	22		0		0	45.3167		65.188		60.8023		0
	1
		1	22		0		0	90.0422		-5.71247		43.125		0
	1
		1	22		0		0	61.6255		76.5874		-18.3485		0
	1
		1	22		0		0	-7.73676		99.2417		-9.55141		0
	1
		1	22		0		0	6.84423		69.7119		71.3681		0
	1
		1	22		0		0	78.0295		58.1932		22.912		0
	1
		1	22		0		0	-22.4874		-42.6626		87.6026		0
	1
		1	22		0		0	-90.7144		36.1996		21.4588		0
	1
		1	22		0		0	39.6067		91.6296		-5.94432		0
	1
		1	22		0		0	-94.6891		23.6773		21.7566		0
	1
		1	22		0		0	56.9405		26.3694		77.8617		0
	1
		1	22		0		0	-94.3298		-0.163196		33.1942		0
	1
		1	22		0		0	-37.8059		-85.5295		35.432		0
	1
		1	22		0		0	15.1726		-81.5569		55.8414		0
	1
		1	22		0		0	-98.2286		4.35081		-18.2267		0
	1
		1	22		0		0	-10.9552		-61.7951		-77.8547		0
	1
		1	22		0		0	-57.8499		-40.9847		-70.524		0
	1
		1	22		0		0	34.1731		-82.2247		-45.5116		0
	1
		1	22		0		0	59.046		-61.2131		52.5978		0
	1
		1	22		0		0	83.1412		52.5422		18.0795		0
	1
		1	22		0		0	44.15		-48.0238		-75.7924		0
	1
		1	22		0		0	26.8318		83.0361		-48.837		0
	1
		1	22		0		0	-92.1032		-32.8834		20.8733		0
	1
		1	22		0		0	75.6468		65.0137		-7.12578		0
	1
		1	22		0		0	-27.5101		94.119		-19.6165		0
	1
		1	22		0		0	74.3701		37.193		55.5497		0
	1
		1	22		0		0	18.1463		-98.3254		-1.68146		0
	1
		1	22		0		0	9.82107		98.3654		-15.0928		0
	1
		1	22		0		0	4.38767		-68.7759		72.4612		0
	1
		1	22		0		0	81.5824		-31.748		48.3361		0
	1
		1	22		0		0	-22.4582		-67.4681		70.3114		0
	1
		1	22		0		0	4.88363		11.7334		99.1891		0
	1
		1	22		0		0	-49.5835		37.9835		78.0944		0
	1
		1	22		0		0	-94.6823		19.7822		-25.3756		0
	1
		1	22		0		0	-44.6627		-73.8002		50.5843		0
	1
		1	22		0		0	18.8069		94.9572		25.0884		0
	1
		1	22		0		0	6.24742		69.3233		71.8001		0
	1
		1	22		0		0	-47.0548		40.6391		78.3218		0
	1
		1	22		0		0	57.437		48.2715		66.1124		0
	1
		1	22		0		0	-75.5233		-51.0459		41.1163		0
	1
		1	22		0		0	-28.5853		92.4845		25.09		0
	1
		1	22		0		0	-6.98316		27.4838		-95.8951		0
	1
		1	22		0		0	44.9745		21.3515		86.726		0
	1
		1	22		0		0	-42.4834		84.2923		33.0147		0
	1
		1	22		0		0	20.4223		-37.069		-90.6025		0
	1
		1	22		0		0	54.9491		30.6721		-77.7162		0
	1
		1	22		0		0	20.9752		-65.9218		-72.2105		0
	1
		1	22		0		0	-77.8119		-44.2189		44.6093		0
	1
		1	22		0		0	3.80878		91.3858		40.4243		0
	1
		1	22		0		0	-56.0252		-81.9209		-12.2533		0
	1
		1	22		0		0	51.6704		-34.9101		78.1758		0
	1
		1	22		0		0	65.1936		-74.5268		13.984		0
	1
		1	22		0		0	-8.38206		-72.3563		-68.515		0
	1
		1	22		0		0	72.147		29.5088		-62.6422		0
	1
		1	22		0		0	97.9028		-20.0713		3.49126		0
	1
		1	22		0		0	-3.13577		-99.3787		-10.6787		0
	1
		1	22		0		0	-89.803		18.8419		39.7543		0
	1
		1	22		0		0	32.6902		-19.8416		-92.3995		0
	1
		1	22		0		0	-22.4891		49.8738		83.7069		0
	1
		1	22		0		0	-47.2239		18.7129		-86.1378		0
	1
		1	22		0		0	15.5078		86.3295		48.0284		0
	1
		1	22		0		0	-59.1935		70.1488		39.6899		0
	1
		1	22		0		0	76.3559		23.0717		60.3114		0
	1
		1	22		0		0	-22.0716		-42.0841		-87.9874		0
	1
		1	22		0		0	-22.85		-84.6457		-48.0934		0
	1
		1	22		0		0	16.2369		-37.6354		-91.2137		0
	1
		1	22		0		0	21.2117		88.0294		-42.4368		0
	1
		1	22		0		0	44.36		51.193		73.5627		0
	1
		1	22		0		0	76.6492		-12.9158		-62.9132		0
	1
		1	22		0		0	32.6565		-55.3703		76.6008		0
	1
		1	22		0		0	-33.0171		76.1756		-55.7418		0
	1
		1	22		0		0	-22.8775		-93.9688		-25.426		0
	1
		1	22		0		0	-23.0213		53.1022		81.5486		0
	1
		1	22		0		0	33.6864		93.5297		10.8357		0
	1
		1	22		0		0	-39.7855		-79.2038		46.302		0
	1
		1	22		0		0	-52.6545		-32.5177		-78.55		0
	1
		1	22		0		0	52.0389		4.06866		-85.296		0
	1
		1	22		0		0	-1.13211		-92.1798		-38.7504		0
	1
		1	22		0		0	-39.4127		38.3486		-83.5226		0
	1
		1	22		0		0	49.7325		62.6278		-60.0369		0
	1
		1	22		0		0	-18.0996		-56.4326		-80.5467		0
	1
		1	22		0		0	93.3797		-27.2159		23.2276		0
	1
		1	22		0		0	12.7489		-99.1625		-2.06365		0
	1
		1	22		0		0	37.4333		-35.7287		85.5699		0
	1
		1	22		0		0	-50.7598		78.0981		36.3886		0
	1
		1	22		0		0	56.785		58.3969		-58.0109		0
	1
		1	22		0		0	78.5385		-9.82801		61.1156		0
	1
		1	22		0		0	-34.998		38.3697		-85.4571		0
	1
		1	22		0		0	28.3415		92.9923		23.4347		0
	1
		1	22		0		0	26.5889		-76.4254		-58.7554		0
	1
		1	22		0		0	-48.9533		-39.8558		-77.557		0
	1
		1	22		0		0	51.983		-80.7536		27.868		0
	1
		1	22		0		0	56.1275		-66.4191		49.3782		0
	1
		1	22		0		0	-20.3562		-97.8768		2.39892		0
	1
		1	22		0		0	57.7915		32.3651		74.9176		0
	1
		1	22		0		0	-52.2591		-83.9235		15.0276		0
	1
		1	22		0		0	-13.9623		98.0339		-13.9427		0
	1
		1	22		0		0	69.0806		70.916		-14.0995		0
	1
		1	22		0		0	-29.3024		34.7781		-89.0609		0
	1
		1	22		0		0	94.8926		-31.5018		1.74011		0
	1
		1	22		0		0	-15.2468		-94.5604		-28.7379		0
	1
		1	22		0		0	96.5955		1.96506		-25.7962		0
	1
		1	22		0		0	-98.2864		1.84108		18.3408		0
	1
		1	22		0		0	-47.23		-6.27079		87.9204		0
	1
		1	22		0		0	-11.2715		88.3994		-45.3708		0
	1
		1	22		0		0	-81.543		44.5218		36.9939		0
	1
		1	22		0		0	-84.6846		-33.4596		-41.3397		0
	1
		1	22		0		0	-27.3196		-85.6947		-43.7042		0
	1
		1	22		0		0	-47.0133		-30.4573		82.8378		0
	1
		1	22		0		0	-70.232		-57.2825		42.2632		0
	1
		1	22		0		0	45.485		-34.7031		82.0172		0
	1
		1	22		0		0	31.8686		46.4108		82.6464		0
	1
		1	22		0		0	-38.6648		62.9695		67.3786		0
	1
		1	22		0		0	19.1061		90.387		-38.2773		0
	1
		1	22		0		0	-28.1304		-51.5932		80.9124		0
	1
		1	22		0		0	91.7983		23.8728		31.6727		0
	1
		1	22		0		0	-83.7701		24.9726		-48.5689		0
	1
		1	22		0		0	29.0066		-23.7117		92.7166		0
	1
		1	22		0		0	-16.6432		-85.238		49.5731		0
	1
		1	22		0		0	56.8224		70.4185		-42.5728		0
	1
		1	22		0		0	92.5586		-22.4592		30.4712		0
	1
		1	22		0		0	10.0431		-40.6188		90.8254		0
	1
		1	22		0		0	-83.3316		20.0816		51.5032		0
	1
		1	22		0		0	44.2089		-64.9313		-61.883		0
	1
		1	22		0		0	-54.8863		-79.9619		-24.3636		0
	1
		1	22		0		0	97.3936		-17.953		-13.8626		0
	1
		1	22		0		0	-85.8156		23.9544		-45.4077		0
	1
		1	22		0		0	-70.3686		62.9533		32.9415		0
	1
		1	22		0		0	30.8346		-29.1114		-90.5636		0
	1
		1	22		0		0	-33.9605		93.7704		-7.33473		0
	1
		1	22		0		0	-40.5923		-33.587		-84.9952		0
	1
		1	22		0		0	-84.6829		-9.76282		-52.2828		0
	1
		1	22		0		0	91.6343		19.4574		-34.9938		0
	1
		1	22		0		0	-49.4627		-70.0314		51.4689		0
	1
		1	22		0		0	35.1718		-27.0121		-89.6286		0
	1
		1	22		0		0	30.9596		6.79611		-94.8437		0
	1
		1	22		0		0	-99.6535		7.23292		4.10795		0
	1
		1	22		0		0	33.4751		-73.665		-58.7612		0
	1
		1	22		0		0	-16.5564		-98.588		2.50764		0
	1
		1	22		0		0	28.5395		-94.0999		18.1851		0
	1
		1	22		0		0	-52.9542		-69.9028		-48.0567		0
	1
		1	22		0		0	32.4594		58.734		74.1397		0
	1
		1	22		0		0	-60.744		-7.51262		-79.0805		0
	1
		1	22		0		0	93.111		20.3669		-30.2577		0
	1
		1	22		0		0	68.1295		-31.7672		65.9485		0
	1
		1	22		0		0	53.7513		-51.1177		67.0655		0
	1
		1	22		0		0	66.3993		-36.4622		65.2813		0
	1
		1	22		0		0	-99.463		-4.80812		-9.16467		0
	1
		1	22		0		0	-39.6433		-8.27835		-91.4324		0
	1
		1	22		0		0	-17.3601		-76.7918		61.6575		0
	1
		1	22		0		0	26.3821		73.5434		62.4127		0
	1
		1	22		0		0	89.4327		-37.6515		-24.1694		0
	1
		1	22		0		0	-13.1137		-91.6665		-37.7529		0
	1
		1	22		0		0	82.2559		15.6707		54.6663		0
	1
		1	22		0		0	-34.5304		-86.3363		36.7927		0
	1
		1	22		0		0	-63.5611		76.732		8.49569		0
	1
		1	22		0		0	54.635		4.44306		83.6378		0
	1
		1	22		0		0	78.9536		60.8947		7.62677		0
	1
		1	22		0		0	98.4008		11.7311		-13.4041		0
	1
		1	22		0		0	-26.5434		-30.2834		91.5334		0
	1
		1	22		0		0	-5.2357		86.8172		-49.3494		0
	1
		1	22		0		0	-69.5534		-0.559606		71.8471		0
	1
		1	22		0		0	71.9182		-68.5556		11.3096		0
	1
		1	22		0		0	-89.2017		45.1177		-2.73043		0
	1
		1	22		0		0	5.89071		-21.0644		-97.5786		0
	1
		1	22		0		0	37.4581		-35.9107		-85.4828		0
	1
		1	22		0		0	-17.3661		-77.0868		-61.2866		0
	1
		1	22		0		0	24.3758		-92.5156		-29.0979		0
	1
		1	22		0		0	78.3323		-39.8855		-47.678		0
	1
		1	22		0		0	52.7465		-82.6814		19.5345		0
	1
		1	22		0		0	-39.1167		67.2268		-62.8525		0
	1
		1	22		0		0	91.4646		31.2141		-25.6888		0
	1
		1	22		0		0	28.8667		49.1189		82.183		0
	1
		1	22		0		0	34.9749		92.9862		11.4158		0
	1
		1	22		0		0	44.0718		78.4399		-43.6447		0
	1
		1	22		0		0	88.4333		13.072		-44.8183		0
	1
		1	22		0		0	-37.5183		-43.2208		82.0021		0
	1
		1	22		0		0	87.8189		-43.2264		20.4773		0
	1
		1	22		0		0	-59.2807		40.8441		-69.4087		0
	1
		1	22		0		0	-79.472		-57.2277		-20.2285		0
	1
		1	22		0		0	13.0146		92.9185		-34.5943		0
	1
		1	22		0		0	-65.9315		6.34103		-74.9188		0
	1
		1	22		0		0	-26.335		70.9441		65.3713		0
	1
		1	22		0		0	-79.0157		42.9699		43.7047		0
	1
		1	22		0		0	47.6129		-59.6804		64.5853		0
	1
		1	22		0		0	-25.9587		71.5985		-64.8059		0
	1
		1	22		0		0	59.8807		60.1656		-52.8621		0
	1
		1	22		0		0	-47.8864		86.9099		12.3917		0
	1
		1	22		0		0	85.0093		13.0469		51.0215		0
	1
		1	22		0		0	8.3796		56.3935		-82.1557		0
	1
		1	22		0		0	-20.6247		-10.0985		97.3275		0
	1
		1	22		0		0	-38.6641		79.997		45.8864		0
	1
		1	22		0		0	7.90288		-1.23303		-99.6796		0
	1
		1	22		0		0	-60.8567		37.3383		70.0166		0
	1
		1	22		0		0	74.9577		28.7379		-59.6277		0
	1
		1	22		0		0	-20.3358		-72.238		66.0918		0
	1
		1	22		0		0	6.25808		65.9704		-74.8915		0
	1
		1	22		0		0	-55.6707		68.2804		-47.3135		0
	1
		1	22		0		0	67.5023		-72.7207		12.4556		0
	1
		1	22		0		0	-35.8455		-91.6038		17.9959		0
	1
		1	22		0		0	-28.3576		-47.2101		83.4689		0
	1
		1	22		0		0	49.9546		48.5775		71.727		0
	1
		1	22		0		0	72.8188		68.0137		8.45921		0
	1
		1	22		0		0	27.6504		-59.0125		75.8484		0
	1
		1	22		0		0	-45.0769		26.2718		-85.3104		0
	1
		1	22		0		0	52.5424		27.5806		-80.4898		0
	1
		1	22		0		0	45.785		-88.6861		-6.20498		0
	1
		1	22		0		0	-27.1352		85.365		-44.4579		0
	1
		1	22		0		0	-87.5769		45.6396		15.7259		0
	1
		1	22		0		0	-35.6337		-27.1059		-89.4176		0
	1
		1	22		0		0	-47.5988		19.4756		-85.7616		0
	1
		1	22		0		0	51.4543		76.1831		39.3522		0
	1
		1	22		0		0	6.04771		96.6075		25.1082		0
	1
		1	22		0		0	99.6423		-0.917915		-8.40089		0
	1
		1	22		0		0	56.2823		-75.8129		32.935		0
	1
		1	22		0		0	-42.8957		-64.4485		-63.2957		0
	1
		1	22		0		0	-15.0205		-75.1085		-64.2892		0
	1
		1	22		0		0	23.8854		39.3455		-88.7773		0
	1
		1	22		0		0	-37.2894		78.6994		49.1519		0
	1
		1	22		0		0	5.83804		25.8129		96.4345		0
	1
		1	22		0		0	89.144		43.4742		12.7807		0
	1
		1	22		0		0	-28.9192		6.32349		95.518		0
	1
		1	22		0		0	-8.79008		-41.5515		-90.5329		0
	1
		1	22		0		0	6.96962		-21.0759		-97.505		0
	1
		1	22		0		0	34.3653		36.6779		-86.4509		0
	1
		1	22		0		0	8.12451		-98.2092		-16.9982		0
	1
		1	22		0		0	-69.2456		46.4082		55.2389		0
	1
		1	22		0		0	-17.6413		62.474		76.0644		0
	1
		1	22		0		0	21.2064		-93.9823		26.7882		0
	1
		1	22		0		0	-0.205952		-98.0066		-19.866		0
	1
		1	22		0		0	48.8457		-47.3511		-73.2937		0
	1
		1	22		0		0	35.1776		-61.5356		-70.5401		0
	1
		1	22		0		0	-4.17023		-55.1211		83.3323		0
	1
		1	22		0		0	-22.548		-95.3226		20.1295		0
	1
		1	22		0		0	-72.7387		-38.5372		-56.78		0
	1
		1	22		0		0	-0.96213		-61.8223		-78.5944		0
	1
		1	22		0		0	-23.159		71.4103		-66.0623		0
	1
		1	22		0		0	89.8062		35.9201		25.3889		0
	1
		1	22		0		0	-47.3105		88.0945		1.03192		0
	1
		1	22		0		0	-98.1788		-16.8797		8.71734		0
	1
		1	22		0		0	-5.83214		92.371		-37.8627		0
	1
		1	22		0		0	65.4331		-14.4376		-74.2298		0
	1
		1	22		0		0	24.7449		-78.2254		-57.1706		0
	1
		1	22		0		0	99.3021		0.0342404		11.7935		0
	1
		1	22		0		0	-80.6063		-36.612		46.4994		0
	1
		1	22		0		0	-20.3299		26.6215		-94.2231		0
	1
		1	22		0		0	97.9152		8.89717		18.2605		0
	1
		1	22		0		0	-6.4199		55.5541		-82.9007		0
	1
		1	22		0		0	-11.4329		62.8685		-76.921		0
	1
		1	22		0		0	-57.7993		64.897		49.4734		0
	1
		1	22		0		0	-0.851551		-24.3262		-96.9923		0
	1
		1	22		0		0	-94.3252		7.88369		-32.2585		0
	1
		1	22		0		0	80.4004		30.9217		-50.79		0
	1
		1	22		0		0	40.2681		80.7414		-43.1196		0
	1
		1	22		0		0	-62.9358		-77.4176		-6.75249		0
	1
		1	22		0		0	-83.0241		-48.1161		28.1395		0
	1
		1	22		0		0	9.85702		-96.5059		-24.2788		0
	1
		1	22		0		0	-71.3678		-48.6369		-50.4093		0
	1
		1	22		0		0	-37.1254		42.4231		-82.5954		0
	1
		1	22		0		0	55.6867		-68.0502		47.6252		0
	1
		1	22		0		0	36.0723		-66.5298		-65.365		0
	1
		1	22		0		0	57.6914		81.1711		9.10823		0
	1
		1	22		0		0	-46.7931		-73.2838		-49.3952		0
	1
		1	22		0		0	60.4773		38.7835		-69.5581		0
	1
		1	22		0		0	24.0579		37.0184		89.7265		0
	1
		1	22		0		0	-69.2336		27.5757		-66.6805		0
	1
		1	22		0		0	-25.2361		-55.8558		79.0144		0
	1
		1	22		0		0	14.4716		34.3586		92.7904		0
	1
		1	22		0		0	93.9672		7.39991		-33.3976		0
	1
		1	22		0		0	-99.7333		7.05516		-1.86775		0
	1
		1	22		0		0	62.4186		77.8207		-6.91826		0
	1
		1	22		0		0	5.21088		50.0583		-86.4119		0
	1
		1	22		0		0	-13.9742		-97.9397		-14.5784		0
	1
		1	22		0		0	-77.3777		40.6432		48.5883		0
	1
		1	22		0		0	-42.7429		90.4046		-0.235307		0
	1
		1	22		0		0	98.3844		-7.99465		-16.0187		0
	1
		1	22		0		0	7.36671		-42.6219		90.1616		0
	1
		1	22		0		0	-25.377		-87.6425		-40.9244		0
	1
		1	22		0		0	83.3123		20.9001		51.2079		0
	1
		1	22		0		0	18.9078		7.18491		97.933		0
	1
		1	22		0		0	66.4826		68.1568		-30.5732		0
	1
		1	22		0		0	88.5905		-4.96042		-46.1206		0
	1
		1	22		0		0	41.7563		48.5072		-76.834		0
	1
		1	22		0		0	-48.6128		-47.266		-73.5032		0
	1
		1	22		0		0	-43.0946		-43.1583		79.2478		0
	1
		1	22		0		0	22.0002		-97.5465		0.820422		0
	1
		1	22		0		0	-28.8796		-69.0092		66.3604		0
	1
		1	22		0		0	82.2947		56.8116		0.146524		0
	1
		1	22		0		0	-66.1312		-53.4897		-52.5881		0
	1
		1	22		0		0	-85.0718		-52.1856		-6.28036		0
	1
		1	22		0		0	78.0507		-61.8853		-8.84866		0
	1
		1	22		0		0	-59.0039		76.552		25.6579		0
	1
		1	22		0		0	53.9503		52.5125		65.8164		0
	1
		1	22		0		0	38.6748		-48.0368		78.7193		0
	1
		1	22		0		0	-55.12		-76.2293		-33.9246		0
	1
		1	22		0		0	-53.1112		-82.0457		21.159		0
	1
		1	22		0		0	-43.6966		89.6669		7.10298		0
	1
		1	22		0		0	-31.5334		63.2229		-70.7708		0
	1
		1	22		0		0	58.46		-80.9808		4.95298		0
	1
		1	22		0		0	76.9059		-47.2486		-43.047		0
	1
		1	22		0		0	49.4441		0.2502		86.9207		0
	1
		1	22		0		0	-4.17665		89.9498		43.4923		0
	1
		1	22		0		0	11.0647		-6.49225		99.1737		0
	1
		1	22		0		0	-21.3044		-69.6272		-68.5432		0
	1
		1	22		0		0	96.5399		26.0769		0.189158		0
	1
		1	22		0		0	-0.745199		33.1378		94.3469		0
	1
		1	22		0		0	-33.5253		66.1994		-67.035		0
	1
		1	22		0		0	97.5982		20.0943		8.41517		0
	1
		1	22		0		0	70.034		39.5663		59.4117		0
	1
		1	22		0		0	-69.9749		-5.4261		71.2325		0
	1
		1	22		0		0	-66.8118		61.5472		41.8106		0
	1
		1	22		0		0	40.5418		-91.397		1.71912		0
	1
		1	22		0		0	8.5778		-22.4085		97.0787		0
	1
		1	22		0		0	-99.808		4.00533		4.7234		0
	1
		1	22		0		0	-19.106		0.539383		98.1564		0
	1
		1	22		0		0	-76.4384		30.834		56.6254		0
	1
		1	22		0		0	45.3951		37.2319		80.951		0
	1
		1	22		0		0	32.235		86.9203		-37.4936		0
	1
		1	22		0		0	22.5727		-93.7738		-26.3996		0
	1
		1	22		0		0	-99.9997		0.0497967		-0.257111		0
	1
		1	22		0		0	65.8754		-37.2863		65.3465		0
	1
		1	22		0		0	87.4494		-37.7007		-30.5164		0
	1
		1	22		0		0	81.1326		-54.3919		21.4248		0
	1
		1	22		0		0	95.6425		-28.9379		3.88814		0
	1
		1	22		0		0	75.6034		-32.8278		-56.6256		0
	1
		1	22		0		0	-99.0739		-0.65803		13.5619		0
	1
		1	22		0		0	-10.5819		26.4508		-95.856		0
	1
		1	22		0		0	-39.2018		-91.3818		-10.611		0
	1
		1	22		0		0	91.0401		-29.8977		28.5976		0
	1
		1	22		0		0	79.9028		-24.8176		-54.7688		0
	1
		1	22		0		0	-74.619		-58.2836		32.1717		0
	1
		1	22		0		0	74.4022		-46.7594		47.7271		0
	1
		1	22		0		0	63.1931		63.1521		44.9271		0
	1
		1	22		0		0	50.1606		83.4111		22.9456		0
	1
		1	22		0		0	-10.7842		-85.7381		50.3258		0
	1
		1	22		0		0	63.9463		-71.8884		-27.2567		0
	1
		1	22		0		0	39.4449		-78.3064		48.0854		0
	1
		1	22		0		0	54.5344		-25.505		-79.8467		0
	1
		1	22		0		0	19.9542		92.9708		30.9559		0
	1
		1	22		0		0	6.99289		-79.0662		60.8246		0
	1
		1	22		0		0	78.4061		46.8741		40.6855		0
	1
		1	22		0		0	-91.5544		-38.2793		-12.349		0
	1
		1	22		0		0	62.9656		4.87556		-77.5343		0
	1
		1	22		0		0	4.882		94.1591		-33.3201		0
	1
		1	22		0		0	-1.67875		-53.5611		84.4298		0
	1
		1	22		0		0	95.1134		10.5494		-29.0197		0
	1
		1	22		0		0	-97.1425		0.95572		-23.7154		0
	1
		1	22		0		0	-25.2416		83.1612		-49.4679		0
	1
		1	22		0		0	-70.5358		-55.7569		-43.7706		0
	1
		1	22		0		0	20.7605		92.0786		-33.0233		0
	1
		1	22		0		0	-71.1096		-68.1011		17.4831		0
	1
		1	22		0		0	-2.42724		-78.0277		-62.4963		0
	1
		1	22		0		0	-16.6572		-2.14612		98.5796		0
	1
		1	22		0		0	53.43		-70.1526		47.1577		0
	1
		1	22		0		0	-31.9219		-93.99		12.1187		0
	1
		1	22		0		0	86.3092		-6.47142		50.0884		0
	1
		1	22		0		0	10.3122		65.759		74.6285		0
	1
		1	22		0		0	-10.8608		-56.7827		-81.5952		0
	1
		1	22		0		0	31.6979		48.3403		-81.5994		0
	1
		1	22		0		0	-99.657		7.61545		-3.23872		0
	1
		1	22		0		0	-52.1427		-85.32		-1.28203		0
	1
		1	22		0		0	-23.3661		96.9103		7.90105		0
	1
		1	22		0		0	-10.3649		69.8333		70.8229		0
	1
		1	22		0		0	-2.92636		-93.6387		-34.9746		0
	1
		1	22		0		0	64.8657		-72.4532		-23.3019		0
	1
		1	22		0		0	-34.1001		37.666		86.1305		0
	1
		1	22		0		0	65.2236		56.3353		50.7171		0
	1
		1	22		0		0	68.5112		-32.5892		65.1472		0
	1
		1	22		0		0	-2.92179		-99.5268		9.26737		0
	1
		1	22		0		0	17.1553		-97.5128		14.0336		0
	1
		1	22		0		0	23.0621		-88.5801		-40.2704		0
	1
		1	22		0		0	65.3834		-70.0245		28.6633		0
	1
		1	22		0		0	-35.5002		-18.8752		-91.5612		0
	1
		1	22		0		0	89.6189		-43.8887		6.49856		0
	1
		1	22		0		0	53.1726		84.4186		-6.79525		0
	1
		1	22		0		0	63.3462		8.74956		-76.8811		0
	1
		1	22		0		0	-87.4342		-16.1193		-45.7758		0
	1
		1	22		0		0	39.2656		84.1116		37.1948		0
	1
		1	22		0		0	-14.5012		98.9411		0.606078		0
	1
		1	22		0		0	-51.6037		31.1799		-79.7801		0
	1
		1	22		0		0	40.2848		-91.1988		-7.74033		0
	1
		1	22		0		0	79.827		60.1977		1.96974		0
	1
		1	22		0		0	96.1841		11.1978		24.9647		0
	1
		1	22		0		0	56.9613		32.9335		-75.3047		0
	1
		1	22		0		0	58.0727		81.4097		-0.147533		0
	1
		1	22		0		0	87.0964		-47.7429		-11.6118		0
	1
		1	22		0		0	-57.7235		55.6204		-59.786		0
	1
		1	22		0		0	-0.0608692		-98.1202		19.2985		0
	1
		1	22		0		0	2.60894		-69.6127		-71.7444		0
	1
		1	22		0		0	-15.0279		-5.27883		-98.7233		0
	1
		1	22		0		0	-67.8775		-73.3524		3.47385		0
	1
		1	22		0		0	-28.4758		-39.6444		87.278		0
	1
		1	22		0		0	66.0358		-47.6549		58.0369		0
	1
		1	22		0		0	-28.5065		-41.1392		86.5734		0
	1
		1	22		0		0	-56.0172		-82.4637		7.86197		0
	1
		1	22		0		0	11.8196		-88.4129		45.2046		0
	1
		1	22		0		0	-36.1142		38.9397		84.7317		0
	1
		1	22		0		0	-58.8451		-24.1563		-77.1604		0
	1
		1	22		0		0	-8.85826		47.3407		-87.6379		0
	1
		1	22		0		0	-10.1133		96.1819		25.4315		0
	1
		1	22		0		0	-31.711		94.7285		-4.57475		0
	1
		1	22		0		0	34.7103		67.2765		65.3381		0
	1
		1	22		0		0	2.66913		-93.1076		36.3848		0
	1
		1	22		0		0	-72.4562		-68.2939		9.27608		0
	1
		1	22		0		0	-13.4145		-40.3472		-90.5105		0
	1
		1	22		0		0	28.8592		40.2297		86.8833		0
	1
		1	22		0		0	65.826		-0.712374		75.2757		0
	1
		1	22		0		0	12.4582		-99.2101		1.46324		0
	1
		1	22		0		0	-60.6419		-79.4706		2.64095		0
	1
		1	22		0		0	49.2946		-35.5433		79.4149		0
	1
		1	22		0		0	93.733		-32.8689		-11.5651		0
	1
		1	22		0		0	-80.8218		-58.4906		-6.83202		0
	1
		1	22		0		0	72.1345		-16.8148		67.1853		0
	1
		1	22		0		0	92.3431		34.108		-17.5897		0
	1
		1	22		0		0	91.5184		-22.6312		33.3499		0
	1
		1	22		0		0	47.7946		-86.6148		14.6133		0
	1
		1	22		0		0	-59.2656		-34.0552		72.992		0
	1
		1	22		0		0	-59.7439		-42.067		68.2717		0
	1
		1	22		0		0	-69.7307		-68.9023		19.7511		0
	1
		1	22		0		0	-11.1664		6.30448		-99.1744		0
	1
		1	22		0		0	-97.6113		-21.0785		-5.26513		0
	1
		1	22		0		0	-72.8716		-54.4769		-41.497		0
	1
		1	22		0		0	-4.62676		30.4207		95.1482		0
	1
		1	22		0		0	-92.2504		30.0257		24.2554		0
	1
		1	22		0		0	20.5948		-96.6382		15.3922		0
	1
		1	22		0		0	58.2815		-27.6261		76.4203		0
	1
		1	22		0		0	-45.828		-71.6859		-52.5446		0
	1
		1	22		0		0	-52.4691		80.2181		-28.4966		0
	1
		1	22		0		0	-56.2388		-14.3265		81.4368		0
	1
		1	22		0		0	-13.812		-2.76484		-99.003		0
	1
		1	22		0		0	-86.1725		-50.303		6.62663		0
	1
		1	22		0		0	99.603		-0.58493		-8.88253		0
	1
		1	22		0		0	66.9434		-21.4971		71.1088		0
	1
		1	22		0		0	33.4159		89.4532		-29.6901		0
	1
		1	22		0		0	-19.6868		28.1907		93.9027		0
	1
		1	22		0		0	64.3094		54.0414		-54.2569		0
	1
		1	22		0		0	-14.1224		-16.3621		-97.6363		0
	1
		1	22		0		0	10.287		-5.51821		99.3163		0
	1
		1	22		0		0	-6.97467		-79.1173		-60.7603		0
	1
		1	22		0		0	-7.99593		-52.7006		84.6091		0
	1
		1	22		0		0	22.7056		-83.4062		-50.2778		0
	1
		1	22		0		0	52.8801		-48.9578		69.3313		0
	1
		1	22		0		0	-73.1313		-47.8507		48.6017		0
	1
		1	22		0		0	63.9147		-53.4758		55.2743		0
	1
		1	22		0		0	47.0357		-87.9744		-6.93882		0
	1
		1	22		0		0	-63.9138		67.4543		-36.9452		0
	1
		1	22		0		0	-45.8653		65.6321		-59.9067		0
	1
		1	22		0		0	-46.8746		73.6196		-48.8153		0
	1
		1	22		0		0	65.76		-22.3578		-71.9427		0
	1
		1	22		0		0	23.7516		-83.8506		49.0402		0
	1
		1	22		0		0	-17.6309		58.3397		79.282		0
	1
		1	22		0		0	73.2389		-4.59755		-67.9332		0
	1
		1	22		0		0	-81.5819		12.376		-56.491		0
	1
		1	22		0		0	90.1124		16.476		40.1035		0
	1
		1	22		0		0	73.6356		52.2164		43.0262		0
	1
		1	22		0		0	-57.9027		11.9449		-80.6511		0
	1
		1	22		0		0	87.3123		38.888		29.3987		0
	1
		1	22		0		0	-85.4989		-30.6849		-41.8135		0
	1
		1	22		0		0	-13.4558		87.5598		46.392		0
	1
		1	22		0		0	8.92223		-96.5228		-24.5712		0
	1
		1	22		0		0	-61.4979		-23.2335		-75.3539		0
	1
		1	22		0		0	8.25873		99.5138		5.36672		0
	1
		1	22		0		0	31.0412		-92.1117		23.4922		0
	1
		1	22		0		0	29.2424		95.6252		-0.839213		0
	1
		1	22		0		0	-49.7198		-55.0076		-67.0977		0
	1
		1	22		0		0	-91.6487		36.5929		-16.1705		0
	1
		1	22		0		0	-10.3291		-99.4382		2.31447		0
	1
		1	22		0		0	56.3549		79.2936		23.1659		0
	1
		1	22		0		0	-46.7506		-41.521		-78.041		0
	1
		1	22		0		0	61.848		-73.5359		27.7001		0
	1
		1	22		0		0	-61.8181		-54.3847		-56.7524		0
	1
		1	22		0		0	-48.4088		-86.1226		15.4756		0
	1
		1	22		0		0	55.9661		-38.851		-73.2011		0
	1
		1	22		0		0	52.6481		-32.5755		78.5304		0
	1
		1	22		0		0	-43.182		-24.7357		-86.7379		0
	1
		1	22		0		0	-3.45284		-99.8268		4.76241		0
	1
		1	22		0		0	7.94851		-71.4125		-69.5491		0
	1
		1	22		0		0	91.2056		-0.400836		41.0046		0
	1
		1	22		0		0	13.6175		-72.0983		-67.9441		0
	1
		1	22		0		0	91.3562		34.0042		22.3105		0
	1
		1	22		0		0	-60.186		-59.6102		53.1439		0
	1
		1	22		0		0	16.6244		-90.2522		-39.7262		0
	1
		1	22		0		0	-86.401		-5.98211		49.9908		0
	1
		1	22		0		0	-26.2371		87.6193		40.4285		0
	1
		1	22		0		0	44.353		73.6017		51.143		0
	1
		1	22		0		0	23.2973		93.9372		-25.1604		0
